8.792247390374541283e-04
1.099290908314287663e-03
1.085290568880736828e-03
1.344103016890585423e-03
7.154729100875556469e-04
8.315123850479722023e-04
1.141266548074781895e-03
9.583497885614633560e-04
5.973624647594988346e-04
7.427201489917933941e-04
1.047864556312561035e-03
1.145225600339472294e-03
7.182069239206612110e-04
7.548633730039000511e-04
1.290257205255329609e-03
9.516841382719576359e-04
6.165568483993411064e-04
8.768889820203185081e-04
7.502730586566030979e-04
7.024180958978831768e-04
1.432723249308764935e-03
1.920183305628597736e-03
1.224986976012587547e-03
1.121014473028481007e-03
6.937858997844159603e-04
7.759616128169000149e-04
1.246954430826008320e-03
1.095791929401457310e-03
1.014916691929101944e-03
1.094638137146830559e-03
1.110801589675247669e-03
8.257873705588281155e-04
9.726022835820913315e-04
1.018854090943932533e-03
9.131201659329235554e-04
1.352575840428471565e-03
8.974525844678282738e-04
1.009384868666529655e-03
8.846990531310439110e-04
6.718107615597546101e-04
1.035343972034752369e-03
1.150182215496897697e-03
1.386759337037801743e-03
1.427272567525506020e-03
1.255028415471315384e-03
1.428566756658256054e-03
1.149535528384149075e-03
9.128173696808516979e-04
1.036381581798195839e-03
1.002621604129672050e-03
1.317629590630531311e-03
1.511410344392061234e-03
9.403365547768771648e-04
1.010859967209398746e-03
1.104048220440745354e-03
1.040253438986837864e-03
1.279363525100052357e-03
1.340178074315190315e-03
7.462622597813606262e-04
6.989905959926545620e-04
8.818591013550758362e-04
8.406697888858616352e-04
8.006714051589369774e-04
4.651578783523291349e-04
2.828346623573452234e-04
3.324648714624345303e-04
6.295291241258382797e-04
1.165581867098808289e-03
6.550934049300849438e-04
1.148742623627185822e-03
9.758630767464637756e-04
1.098637585528194904e-03
6.123996572569012642e-04
9.683772805146872997e-04
9.147873497568070889e-04
1.082810456864535809e-03
7.090101134963333607e-04
1.075114123523235321e-03
1.190553884953260422e-03
8.890636963769793510e-04
6.874801474623382092e-04
6.346388836391270161e-04
1.662138151004910469e-03
1.685221679508686066e-03
5.482520209625363350e-04
5.914131179451942444e-04
7.059422205202281475e-04
5.533662624657154083e-04
8.742812788113951683e-04
6.620032363571226597e-04
7.750148070044815540e-04
5.864442209713160992e-04
8.337204926647245884e-04
6.187690305523574352e-04
4.441349301487207413e-04
4.772477550432085991e-04
1.302614458836615086e-03
1.412865240126848221e-03
1.341449096798896790e-03
1.675064908340573311e-03
1.601135591045022011e-03
2.007727976888418198e-03
1.472620642744004726e-03
1.383292605169117451e-03
1.519742421805858612e-03
1.442806213162839413e-03
1.228585955686867237e-03
1.232533482834696770e-03
1.610788400284945965e-03
1.743024215102195740e-03
1.216366421431303024e-03
1.121373148635029793e-03
1.145541085861623287e-03
1.505617634393274784e-03
2.061759820207953453e-03
2.071847440674901009e-03
2.237219130620360374e-03
2.260181587189435959e-03
2.258572960272431374e-03
2.018980914726853371e-03
1.346256933175027370e-03
1.429991796612739563e-03
1.640869653783738613e-03
1.483057625591754913e-03
1.681730151176452637e-03
1.609481405466794968e-03
1.602137577719986439e-03
1.462379586882889271e-03
1.362302806228399277e-03
1.969703240320086479e-03
1.418713014572858810e-03
1.363619696348905563e-03
1.604706863872706890e-03
1.435650046914815903e-03
1.684559159912168980e-03
1.444505760446190834e-03
1.679316279478371143e-03
2.229347359389066696e-03
2.033642493188381195e-03
1.732994220219552517e-03
9.557878947816789150e-04
1.118515152484178543e-03
9.899610886350274086e-04
9.430327336303889751e-04
9.742052643559873104e-04
1.018787384964525700e-03
1.532108988612890244e-03
1.480531180277466774e-03
1.291711465455591679e-03
1.483224332332611084e-03
1.190750044770538807e-03
1.063609612174332142e-03
9.298318764194846153e-04
1.248010899871587753e-03
1.257462543435394764e-03
1.117049134336411953e-03
1.353440340608358383e-03
1.219945377670228481e-03
1.453866250813007355e-03
1.311371917836368084e-03
1.053020590916275978e-03
1.221495913341641426e-03
1.061347662471234798e-03
1.067950506694614887e-03
1.284907455556094646e-03
1.218344084918498993e-03
1.263992278836667538e-03
9.377965470775961876e-04
1.375090563669800758e-03
1.425985479727387428e-03
1.407798263244330883e-03
1.089812139980494976e-03
9.646884282119572163e-04
1.119832159020006657e-03
1.264772610738873482e-03
8.861699607223272324e-04
1.127285417169332504e-03
1.119481283240020275e-03
1.237834105268120766e-03
1.503114239312708378e-03
1.121080946177244186e-03
1.122797955758869648e-03
1.149884541518986225e-03
9.577334276400506496e-04
1.680025598034262657e-03
1.926706987433135509e-03
1.675440929830074310e-03
1.724996720440685749e-03
1.152481185272336006e-03
1.001775031909346581e-03
1.078051980584859848e-03
9.510749368928372860e-04
9.896154515445232391e-04
1.552942092530429363e-03
9.433698141947388649e-04
8.077438105829060078e-04
9.725578129291534424e-04
1.282552140764892101e-03
1.326933968812227249e-03
1.271285465918481350e-03
7.922129007056355476e-04
1.430207514204084873e-03
1.387003576382994652e-03
1.593597000464797020e-03
1.232472015544772148e-03
1.305035548284649849e-03
1.364261144772171974e-03
1.450426294468343258e-03
1.024922588840126991e-03
1.323990756645798683e-03
1.461023348383605480e-03
1.267720479518175125e-03
9.175789309665560722e-04
9.605421219021081924e-04
9.475530823692679405e-04
7.323655299842357635e-04
1.078133587725460529e-03
1.114539452828466892e-03
1.096035819500684738e-03
1.026169396936893463e-03
1.071384525857865810e-03
8.180308504961431026e-04
1.005360507406294346e-03
1.003950485028326511e-03
7.009447435848414898e-04
8.890023455023765564e-04
1.101437839679419994e-03
9.115678840316832066e-04
1.033494714647531509e-03
1.305318204686045647e-03
8.455267525278031826e-04
7.754372199997305870e-04
1.124558388255536556e-03
1.270969980396330357e-03
1.454831333830952644e-03
1.343832584097981453e-03
1.982210436835885048e-03
1.884950674138963223e-03
1.609910279512405396e-03
1.451882766559720039e-03
1.126189716160297394e-03
1.060220412909984589e-03
8.759076590649783611e-04
8.655193378217518330e-04
9.119682945311069489e-04
1.261023920960724354e-03
9.515610290691256523e-04
8.920392137952148914e-04
1.525075291283428669e-03
2.074231160804629326e-03
1.529559493064880371e-03
1.354082836769521236e-03
1.960943685844540596e-03
2.003004541620612144e-03
2.338413149118423462e-03
1.924111158587038517e-03
4.659155965782701969e-04
5.802009836770594120e-04
6.318605155684053898e-04
8.173788082785904408e-04
1.142290071584284306e-03
1.316242152824997902e-03
1.549967448227107525e-03
1.456677215173840523e-03
8.507468155585229397e-04
9.630571003071963787e-04
9.091398096643388271e-04
1.064001349732279778e-03
8.528412436135113239e-04
9.095187997445464134e-04
5.888338782824575901e-04
8.098990656435489655e-04
6.426572217606008053e-04
9.048532810993492603e-04
1.090760575607419014e-03
1.055877888575196266e-03
9.788213064894080162e-04
1.048265956342220306e-03
1.837405026890337467e-03
1.711704884655773640e-03
9.496961138211190701e-04
1.081267022527754307e-03
1.678944332525134087e-03
1.732618664391338825e-03
1.307229977101087570e-03
1.252977875992655754e-03
9.078611619770526886e-04
8.920411928556859493e-04
7.002547499723732471e-04
6.889502401463687420e-04
8.791565196588635445e-04
1.058864989317953587e-03
9.432749357074499130e-04
1.281423028558492661e-03
1.109408331103622913e-03
1.293628243729472160e-03
1.236748881638050079e-03
1.176935620605945587e-03
1.308457576669752598e-03
1.344167045317590237e-03
1.959615154191851616e-03
2.012188546359539032e-03
1.733808196149766445e-03
1.525529776699841022e-03
1.282255514524877071e-03
1.503658131696283817e-03
1.072266022674739361e-03
1.028319471515715122e-03
1.107253017835319042e-03
9.779557585716247559e-04
8.223097538575530052e-04
8.932218770496547222e-04
2.395363524556159973e-03
2.502195537090301514e-03
2.277009421959519386e-03
1.880590803921222687e-03
1.157268299721181393e-03
1.193993375636637211e-03
6.564854411408305168e-04
5.726979579776525497e-04
5.045740399509668350e-04
5.467096343636512756e-04
6.944077904336154461e-04
7.665548473596572876e-04
6.055906997062265873e-04
7.457623141817748547e-04
1.298995106481015682e-03
1.114113838411867619e-03
1.062697730958461761e-03
1.054275198839604855e-03
1.297814073041081429e-03
1.294506597332656384e-03
1.791580929420888424e-03
1.404601498506963253e-03
1.033185282722115517e-03
9.830659255385398865e-04
1.276542898267507553e-03
1.436174148693680763e-03
1.893256674520671368e-03
2.029109513387084007e-03
1.267369603738188744e-03
1.405780902132391930e-03
1.417250605300068855e-03
1.108669675886631012e-03
1.445712638087570667e-03
1.257193973287940025e-03
1.325638731941580772e-03
1.316316192969679832e-03
1.059883274137973785e-03
9.252411546185612679e-04
7.063046796247363091e-04
5.648325313813984394e-04
6.907671922817826271e-04
8.098167600110173225e-04
1.010822597891092300e-03
1.179572078399360180e-03
1.509683672338724136e-03
1.470619579777121544e-03
1.425778260454535484e-03
1.133473357185721397e-03
6.219471106305718422e-04
6.343257846310734749e-04
1.407367992214858532e-03
1.329252845607697964e-03
9.591470006853342056e-04
8.839852525852620602e-04
7.339435978792607784e-04
6.340620457194745541e-04
1.058030989952385426e-03
1.030172570608556271e-03
8.788520353846251965e-04
7.154172053560614586e-04
1.735053956508636475e-03
1.040762523189187050e-03
1.427659532055258751e-03
1.062581897713243961e-03
1.158232917077839375e-03
1.345952041447162628e-03
9.830859489738941193e-04
1.115476246923208237e-03
7.797405705787241459e-04
6.877762498334050179e-04
9.649496059864759445e-04
4.909731214866042137e-04
6.632262375205755234e-04
8.059149840846657753e-04
8.113870280794799328e-04
1.031571766361594200e-03
9.990243706852197647e-04
1.231622649356722832e-03
1.853775349445641041e-03
2.115019597113132477e-03
1.125442911870777607e-03
1.266145030967891216e-03
1.585572259500622749e-03
1.765532651916146278e-03
1.305485493503510952e-03
1.396839157678186893e-03
1.556293107569217682e-03
1.270372071303427219e-03
1.573780318722128868e-03
1.737995771691203117e-03
1.940766815096139908e-03
1.952893799170851707e-03
1.679713954217731953e-03
1.731339027173817158e-03
1.742662512697279453e-03
1.486238557845354080e-03
1.391000114381313324e-03
1.599860843271017075e-03
1.276212511584162712e-03
1.109499833546578884e-03
9.811302879825234413e-04
1.103681745007634163e-03
8.550280472263693810e-04
6.932302494533360004e-04
1.355075160972774029e-03
2.105299616232514381e-03
1.753996708430349827e-03
1.360770314931869507e-03
7.700413116253912449e-04
4.643847350962460041e-04
9.329961612820625305e-04
7.537032943218946457e-04
2.175074769183993340e-03
1.972948433831334114e-03
1.762727741152048111e-03
1.806461717933416367e-03
1.399626838974654675e-03
1.283882069401443005e-03
9.642272489145398140e-04
8.381567895412445068e-04
1.270049018785357475e-03
1.532825292088091373e-03
1.661498914472758770e-03
1.497614081017673016e-03
1.643731491640210152e-03
1.553034060634672642e-03
1.676596468314528465e-03
1.740300096571445465e-03
2.243355382233858109e-03
1.945443334989249706e-03
1.680210349150002003e-03
1.370313693769276142e-03
1.883121323771774769e-03
2.027362119406461716e-03
1.799232908524572849e-03
1.249288558028638363e-03
1.095722778700292110e-03
1.270468463189899921e-03
1.025936333462595940e-03
1.038110814988613129e-03
1.412297016941010952e-03
1.585392048582434654e-03
1.567557454109191895e-03
1.585094840265810490e-03
1.301076845265924931e-03
1.360174617730081081e-03
1.599286450073122978e-03
1.588505925610661507e-03
1.379888737574219704e-03
1.460058963857591152e-03
1.339877955615520477e-03
1.162240980193018913e-03
2.457805909216403961e-03
2.428377280011773109e-03
1.941484864801168442e-03
1.916897250339388847e-03
1.633075647987425327e-03
1.065446413122117519e-03
1.302276505157351494e-03
1.354230218566954136e-03
1.196691184304654598e-03
1.264961087144911289e-03
1.391512225382030010e-03
1.011462998576462269e-03
1.074423315003514290e-03
1.183454412966966629e-03
1.175052719190716743e-03
9.402618743479251862e-04
1.219181925989687443e-03
1.424859627149999142e-03
1.275838236324489117e-03
1.395585481077432632e-03
1.123046618886291981e-03
1.393197337165474892e-03
1.616542460396885872e-03
1.477206125855445862e-03
2.001197542995214462e-03
2.105575520545244217e-03
2.050884766504168510e-03
1.888132188469171524e-03
2.037398284301161766e-03
2.058833371847867966e-03
1.695783343166112900e-03
1.310934196226298809e-03
1.427428564056754112e-03
2.146424725651741028e-03
1.975635066628456116e-03
1.929909805767238140e-03
1.537485513836145401e-03
1.636115717701613903e-03
1.738919643685221672e-03
1.495903823524713516e-03
1.510302070528268814e-03
1.624728087335824966e-03
1.477097044698894024e-03
1.195707125589251518e-03
1.278468524105846882e-03
1.093066181056201458e-03
1.052625593729317188e-03
6.930030649527907372e-04
1.525092811789363623e-04
2.858705120161175728e-04
3.274846822023391724e-04
4.413389251567423344e-04
1.317698770435526967e-04
2.024386340053752065e-04
1.077440319932065904e-04
1.726587070152163506e-04
1.694337988737970591e-04
1.710843789624050260e-04
2.033189812209457159e-04
2.473599743098020554e-04
1.939574722200632095e-04
4.287889169063419104e-04
2.044832363026216626e-04
2.349736896576359868e-04
2.217685105279088020e-04
1.552558242110535502e-04
1.607189187780022621e-04
1.557262876303866506e-04
1.995614729821681976e-04
1.480409409850835800e-04
1.557088253321126103e-04
1.503698294982314110e-04
1.713781239232048392e-04
1.901084324344992638e-04
4.888541880063712597e-04
4.177874943707138300e-04
1.657911634538322687e-04
1.998232037294656038e-04
2.178388240281492472e-04
2.289683179697021842e-04
3.721369139384478331e-04
6.257425411604344845e-04
1.986920397030189633e-04
2.800778020173311234e-04
2.185454504797235131e-04
2.916925586760044098e-04
2.409181033726781607e-04
2.774610766209661961e-04
3.141383349429816008e-04
3.032236127182841301e-04
4.736919945571571589e-04
6.198782939463853836e-04
7.586007122881710529e-04
5.763496737927198410e-04
1.136636477895081043e-03
1.292162924073636532e-03
1.275182876270264387e-04
1.557000068714842200e-04
1.987703726626932621e-04
2.114190865540876985e-04
1.482094812672585249e-04
1.510627043899148703e-04
2.892302291002124548e-04
9.758154919836670160e-05
1.217155018821358681e-03
8.865173440426588058e-04
1.150878306361846626e-04
2.382217644480988383e-04
1.115834384108893573e-04
1.721331209409981966e-04
1.045294775394722819e-04
1.144188208854757249e-04
2.192970423493534327e-04
2.755921159405261278e-04
3.171985736116766930e-04
3.920626186300069094e-04
2.780834038276225328e-04
2.386320411460474133e-04
2.732086286414414644e-04
1.470914139645174146e-04
2.962457947432994843e-04
3.204240638297051191e-04
2.319781342521309853e-04
3.459974541328847408e-04
3.105417126789689064e-04
3.548062522895634174e-04
3.521590842865407467e-04
3.685879346448928118e-04
3.355600638315081596e-04
4.489609564188867807e-04
4.150979220867156982e-04
4.777135909534990788e-04
3.028100472874939442e-04
3.179894702043384314e-04
3.375053638592362404e-04
2.718432224355638027e-04
7.206614827737212181e-04
7.452288409695029259e-04
7.303098682314157486e-04
5.768038099631667137e-04
1.168899005278944969e-03
1.269657746888697147e-03
1.183965126983821392e-03
9.659333736635744572e-04
3.922317409887909889e-04
4.019654588773846626e-04
3.805082524195313454e-04
4.488800477702170610e-04
3.015701076947152615e-04
3.466808702796697617e-04
5.095024243928492069e-04
5.717304884456098080e-04
2.789015707094222307e-04
2.911209012381732464e-04
2.697251911740750074e-04
3.002348530571907759e-04
4.384236526675522327e-04
4.559519584290683270e-04
2.773519954644143581e-04
2.185462217312306166e-04
6.459358846768736839e-04
5.882175173610448837e-04
4.337656137067824602e-04
4.505334945861250162e-04
3.328963357489556074e-04
3.439965075813233852e-04
4.912546719424426556e-04
4.093978495802730322e-04
6.606753449887037277e-04
5.151654477231204510e-04
6.590873235836625099e-04
4.937309422530233860e-04
5.609407671727240086e-04
4.004883230663836002e-04
3.987184027209877968e-04
2.268491807626560330e-04
6.715990020893514156e-04
7.090679719112813473e-04
1.061408314853906631e-03
1.351930550299584866e-03
1.192678697407245636e-03
1.215707277879118919e-03
1.460726140066981316e-03
1.164019340649247169e-03
8.426138083450496197e-04
1.984003465622663498e-03
1.557196141220629215e-03
1.301559503190219402e-03
1.122466055676341057e-03
9.440553840249776840e-04
1.344409538432955742e-03
9.661889052949845791e-04
1.473665586672723293e-03
1.954753184691071510e-03
1.379019813612103462e-03
1.544883358292281628e-03
1.254253787919878960e-03
1.162617816589772701e-03
1.493421965278685093e-03
1.574805122800171375e-03
1.211580587550997734e-03
1.319046248681843281e-03
1.326433848589658737e-03
1.425948226824402809e-03
8.266239892691373825e-04
7.882475620135664940e-04
6.072591058909893036e-04
4.116739437449723482e-04
6.038579158484935760e-04
1.031578402034938335e-03
1.383461407385766506e-03
1.214557210914790630e-03
1.170944538898766041e-03
1.243735547177493572e-03
9.076404967345297337e-04
8.583361632190644741e-04
1.832805806770920753e-03
1.992144854739308357e-03
1.397738582454621792e-03
1.251821871846914291e-03
1.093303319066762924e-03
1.033100998029112816e-03
8.849652949720621109e-04
9.513862896710634232e-04
8.425820269621908665e-04
1.346860895864665508e-03
1.497819554060697556e-03
1.179270213469862938e-03
8.848222205415368080e-04
1.111573888920247555e-03
9.774704230949282646e-04
7.185851573012769222e-04
9.328928426839411259e-04
8.889718446880578995e-04
1.127404975704848766e-03
8.763039368204772472e-04
1.014465815387666225e-03
1.076618675142526627e-03
6.332965567708015442e-04
6.671720766462385654e-04
7.785849156789481640e-04
7.756118429824709892e-04
7.950803847052156925e-04
6.158608593977987766e-04
1.024594646878540516e-03
9.797838283702731133e-04
7.298465352505445480e-04
6.330271135084331036e-04
7.998120854608714581e-04
8.020252571441233158e-04
6.441987934522330761e-04
4.289785574655979872e-04
5.540300044231116772e-04
5.916488589718937874e-04
7.591035100631415844e-04
6.858821143396198750e-04
1.069838996045291424e-03
1.217241049744188786e-03
8.693072013556957245e-04
8.746769162826240063e-04
1.179407350718975067e-03
9.080506861209869385e-04
9.320756071247160435e-04
7.126966374926269054e-04
7.950087310746312141e-04
7.149810553528368473e-04
6.498368456959724426e-04
6.598503096029162407e-04
5.042252596467733383e-04
5.825858097523450851e-04
5.565353203564882278e-04
5.726068629883229733e-04
7.637933013029396534e-04
1.250214525498449802e-03
1.133023179136216640e-03
9.952601976692676544e-04
1.288456143811345100e-03
1.354375854134559631e-03
7.556388736702501774e-04
5.688780802302062511e-04
1.141895772889256477e-03
9.388874168507754803e-04
1.172965625301003456e-03
9.036740520969033241e-04
1.019760849885642529e-03
7.824410567991435528e-04
4.937268095090985298e-04
4.624067514669150114e-04
6.000712746754288673e-04
9.290213347412645817e-04
1.438693027012050152e-03
1.110247918404638767e-03
1.691974815912544727e-03
1.548398984596133232e-03
1.321891671977937222e-03
1.238500582985579967e-03
9.356632363051176071e-04
7.965220138430595398e-04
8.623008616268634796e-04
7.108095451258122921e-04
6.349249742925167084e-04
7.097379420883953571e-04
5.791345611214637756e-04
4.742774763144552708e-04
4.919972852803766727e-04
5.189465591683983803e-04
8.267115917988121510e-04
7.691467762924730778e-04
4.247548349667340517e-04
5.219561862759292126e-04
8.412594906985759735e-04
9.123723721131682396e-04
6.365540320985019207e-04
9.451229707337915897e-04
6.628310075029730797e-04
1.112899160943925381e-03
8.440561941824853420e-04
8.416973869316279888e-04
1.028532045893371105e-03
8.910186006687581539e-04
4.482247750274837017e-04
4.566786228679120541e-04
4.946753033436834812e-04
6.484061595983803272e-04
5.492944619618356228e-04
6.951880059204995632e-04
1.244486193172633648e-03
1.195050659589469433e-03
8.705107029527425766e-04
8.788175182417035103e-04
1.049554557539522648e-03
9.634252637624740601e-04
8.114883094094693661e-04
9.339851676486432552e-04
6.505788187496364117e-04
5.296847666613757610e-04
1.078065251931548119e-03
1.155060133896768093e-03
1.280650729313492775e-03
1.331948093138635159e-03
1.222811057232320309e-03
1.316804205998778343e-03
1.241540652699768543e-03
1.126968534663319588e-03
1.005488913506269455e-03
1.004393910989165306e-03
1.043857890181243420e-03
1.141802291385829449e-03
1.005483441986143589e-03
1.000889344140887260e-03
7.838625460863113403e-04
9.772263001650571823e-04
1.082157948985695839e-03
9.973635897040367126e-04
9.802973363548517227e-04
9.272205643355846405e-04
7.055273745208978653e-04
7.573839393444359303e-04
8.425940759479999542e-04
8.321217610500752926e-04
9.038506541401147842e-04
1.280243392102420330e-03
1.325490302406251431e-03
1.329841325059533119e-03
1.056150649674236774e-03
1.277716015465557575e-03
1.150779426097869873e-03
8.324957452714443207e-04
1.220182515680789948e-03
1.338497153483331203e-03
1.461305655539035797e-03
1.448180293664336205e-03
1.440786872990429401e-03
1.317586982622742653e-03
5.451126489788293839e-04
5.569744389504194260e-04
9.644121164456009865e-04
1.038989867083728313e-03
1.179528189823031425e-03
1.275782124139368534e-03
7.725382456555962563e-04
7.470415439456701279e-04
3.413160739000886679e-04
8.875784114934504032e-04
8.376335608772933483e-04
8.758498588576912880e-04
9.383212891407310963e-04
7.656771922484040260e-04
1.177561236545443535e-03
8.936428348533809185e-04
8.172336965799331665e-04
4.859379550907760859e-04
1.131769386120140553e-03
8.173725218512117863e-04
6.882396992295980453e-04
6.641627405770123005e-04
8.371378644369542599e-04
6.266121054068207741e-04
5.623327451758086681e-04
3.653684398159384727e-04
6.023350870236754417e-04
6.091612158343195915e-04
6.587560637854039669e-04
5.175856058485805988e-04
7.610307657159864902e-04
6.685357657261192799e-04
5.798700149171054363e-04
5.433362093754112720e-04
6.423359154723584652e-04
6.194381858222186565e-04
3.231496666558086872e-04
3.711200552061200142e-04
5.115349194966256618e-04
3.990233235526829958e-04
4.988845321349799633e-04
4.512723826337605715e-04
1.080237911082804203e-03
7.545073749497532845e-04
6.627024267800152302e-04
5.556750111281871796e-04
5.412997561506927013e-04
4.640045808628201485e-04
4.815326828975230455e-04
5.964300944469869137e-04
6.059655570425093174e-04
5.599104915745556355e-04
3.536755102686583996e-04
3.654122701846063137e-04
5.554741364903748035e-04
5.038404488004744053e-04
5.079603870399296284e-04
4.765960620716214180e-04
1.526525127701461315e-03
1.955761807039380074e-03
1.543515012599527836e-03
1.194745651446282864e-03
1.143033499829471111e-03
1.407584175467491150e-03
1.480014179833233356e-03
1.401826739311218262e-03
9.947334183380007744e-04
1.152049284428358078e-03
1.438466133549809456e-03
1.331059262156486511e-03
1.333552063442766666e-03
1.240568351931869984e-03
1.460815430618822575e-03
1.292285160161554813e-03
1.083214534446597099e-03
1.468662987463176250e-03
9.524699999019503593e-04
1.058820635080337524e-03
1.014207373373210430e-03
8.756380993872880936e-04
8.846850832924246788e-04
5.891584441997110844e-04
1.140887616202235222e-03
9.773754281923174858e-04
6.527848308905959129e-04
5.298947799019515514e-04
1.059808535501360893e-03
8.327554096467792988e-04
6.909955991432070732e-04
3.299454110674560070e-04
4.503441741690039635e-04
5.673499545082449913e-04
6.176875322125852108e-04
6.002210429869592190e-04
3.382111026439815760e-04
3.229247813578695059e-04
3.862989833578467369e-04
4.351100942585617304e-04
4.422554338816553354e-04
5.413712351582944393e-04
7.855045842006802559e-04
7.019511540420353413e-04
6.947601796127855778e-04
6.189075647853314877e-04
4.637199162971228361e-04
3.559639444574713707e-04
4.299633437767624855e-04
5.147715564817190170e-04
3.852730151265859604e-04
3.535815048962831497e-04
5.696121952496469021e-04
3.403519222047179937e-04
3.876496048178523779e-04
3.022643213625997305e-04
3.541510086506605148e-04
3.923219337593764067e-04
4.299156717024743557e-04
3.268247237429022789e-04
3.621862560976296663e-04
3.251165035180747509e-04
3.763330751098692417e-04
4.243980802129954100e-04
6.535244756378233433e-04
8.130611386150121689e-04
9.836729150265455246e-04
1.058022724464535713e-03
7.836237200535833836e-04
6.384120788425207138e-04
4.056439793203026056e-04
3.139652253594249487e-04
7.176595390774309635e-04
5.952583160251379013e-04
3.848195774480700493e-04
3.547646920196712017e-04
6.381135899573564529e-04
4.511510196607559919e-04
4.951327573508024216e-04
3.425176255404949188e-04
2.894721110351383686e-04
3.067412471864372492e-04
4.991898313164710999e-04
5.370679427869617939e-04
5.771553842350840569e-04
4.160214448347687721e-04
5.510962801054120064e-04
4.203636490274220705e-04
4.162553523201495409e-04
3.374283842276781797e-04
3.399381530471146107e-04
3.792529460042715073e-04
2.882353146560490131e-04
2.434710622765123844e-04
2.996430848725140095e-04
2.960869751404970884e-04
1.140037202276289463e-03
9.059780859388411045e-04
9.922661120072007179e-04
8.193964604288339615e-04
8.530321647413074970e-04
6.247671553865075111e-04
5.608983337879180908e-04
3.319022653158754110e-04
4.668389447033405304e-04
4.454510344658046961e-04
4.027072282042354345e-04
2.973147784359753132e-04
5.149784265086054802e-04
4.032148572150617838e-04
5.036293878220021725e-04
3.596795140765607357e-04
3.938787558581680059e-04
4.538036882877349854e-04
3.633346350397914648e-04
2.692337438929826021e-04
3.927694342564791441e-04
3.687055432237684727e-04
3.490056260488927364e-04
3.014251124113798141e-04
5.426043062470853329e-04
3.836764371953904629e-04
2.813623868860304356e-04
2.510606136638671160e-04
2.449502935633063316e-04
2.118863485520705581e-04
4.838705644942820072e-04
2.580014406703412533e-04
